-1.3532938 4.3389422
-1.39349887 4.94316972
-1.9329929 4.91238801
-0.97237894 3.62194903
-0.10134372 4.84366914
-2.11210884 5.17631355
-1.12743896 4.40889104
-0.92398987 5.01162481
-0.8938131 3.95292412
-0.53634351 4.42628438
-1.69688431 -2.11571212
-0.82918803 -1.72214341
-2.22918335 -1.33236838
-0.52285403 -2.50249298
-1.1444109 -2.16431946
-0.99925232 -0.92723154
-1.21334868 -2.2518903
-1.03337926 -1.15530737
-1.52382403 -0.57341381
-1.3332308 -2.86994757
1.62477508 1.31236341
0.99283732 0.59203994
1.55905108 -0.16178332
1.47259345 0.8105658
1.38573673 0.32254359
1.80208398 0.33238321
0.22232127 0.24147771
1.23306371 0.20317336
1.81298418 1.28993021
0.65879339 -0.1012351
